3,2
3,1
3,3
10,156
10,294
10,66
10,30
10,14
10,306
10,26
11,14
11,18
11,24
11,6
8,4
8,16
8,10
45,3
45,1
44,2
43,3
43,1
42,3
42,1
40,3
40,1
36,3
36,1
34,3
34,1
32,3
32,1
31,3
31,1
27,3
27,1
24,3
24,1
21,3
21,2
21,1
21,0
20,3
20,2
20,1
19,3
19,2
19,1
17,3
17,2
17,1
16,3
16,2
16,1
15,3
15,2
15,1
14,2
13,2
12,3
12,2
12,1
11,29
11,28
11,27
11,26
11,22
11,20
11,17
11,15
11,10
11,8
11,5
11,4
11,3
11,2
11,1
10,307
10,290
10,281
10,268
10,248
10,189
10,153
10,150
10,148
10,104
10,103
10,89
10,85
10,65
10,34
18,1
10,8
10,3
10,2
18,3
10,1
9,7
9,6
9,5
9,4
9,3
9,2
9,1
8,17
8,15
8,14
8,13
8,12
8,11
8,9
13,1
13,3
